H2 = (2 + 3*e1.^2)*(sigma0 + sigma1)/8./Eps2.^3;
H3 = 15*a1*(4 + 3*e1.^2)*(sigma0^2 - sigma1^2).*XI3/128/a2./Eps2.^5/L1/L2;
H4 = -(9*a1^2*(sigma0^3 + sigma1^3)*((20*e1.^2.*(-4+e2.^2)-8*(2+3*e2.^2)+5*e1.^4.*(-6+5*e2.^2))*L1^2*L2^2 ...
          -35*(2+e1.^2).*XI3.^2))/1024/a2^2./Eps2.^7/L1^2/L2^2;
H5 = (105*a1^3*(sigma0^4-sigma1^4)*XI3.*((e1.^2.*(160-48*e2.^2)+e1.^4.*(40-33*e2.^2)+16*(4+3*e2.^2))*L1^2*L2^2 ...
          +7*(8+3*e1.^2).*XI3.^2))/8192/a2^3./Eps2.^9/L1^3/L2^3;
H6 = (5*a1^4*(sigma0^5 + sigma1^5)*(2*(-1680*e1.^2.*(-8 - 4*e2.^2 + 3*e2.^4) ... 
          + 210*e1.^4.*(80 - 80*e2.^2 + 9*e2.^4) + 160*(8 + 40*e2.^2 + 15*e2.^4) ... 
          + 7*e1.^6.*(400 - 700*e2.^2 + 291*e2.^4))* L1^4*L2^4 - 126*(-240*(2 + e2.^2) ... 
          + 20*e1.^2.*(-40 + 13*e2.^2) + 3*e1.^4.*(-50 + 41*e2.^2))*L1^2*L2^2.*XI3.^2 ... 
          + 2079*(10 + 3*e1.^2).*XI3.^4))./(131072*a2^4*Eps2.^11*L1^4*L2^4);      
H7 = (189*a1^5*(sigma0^6 - sigma1^6)*XI3.*(10*(320*(8 + 20*e2.^2 + 5*e2.^4) ... 
          - 120*e1.^2.*(-112 - 16*e2.^2 + 29*e2.^4) + 4*e1.^4.*(2800 - 2900*e2.^2 + 397*e2.^4) ... 
          + e1.^6.*(1400 - 2440*e2.^2 + 1007*e2.^4))*L1^4*L2^4 ... 
          - 330*(-40*(8 + 3*e2.^2) + 8*e1.^2.*(-50 + 17*e2.^2) ... 
          + e1.^4.*(-60 + 49*e2.^2))*L1^2*L2^2.*XI3.^2 + 4719*(4 ... 
          + e1.^2).*XI3.^4))./(4194304*a2^5*Eps2.^13*L1^5*L2^5);
H8 = -(35*a1^6*(sigma0^7 + sigma1^7)*((20160*e1.^2.*(-64 - 144*e2.^2 + 40*e2.^4 + 25*e2.^6) ...
         - 4480*(16 + 168*e2.^2 + 210*e2.^4 + 35*e2.^6) - 3024*e1.^4.*(1120 - 560*e2.^2 - 590*e2.^4 + 173*e2.^6) ... 
         + 168*e1.^6.*(-11200 + 21000*e2.^2 - 10380*e2.^4 + 723*e2.^6) + 9*e1.^8.*(-19600 + 52920*e2.^2 - 46270*e2.^4 ... 
         + 12807*e2.^6))*L1^6*L2^6 - 198*(560*(48 + 80*e2.^2 + 15*e2.^4) - 168*e1.^2.*(-560 + 20*e2.^2 + 111*e2.^4) ... 
         + 42*e1.^4.*(1400 - 1480*e2.^2 + 223*e2.^4) + e1.^6.*(5880 - 10220*e2.^2 + 4197*e2.^4))*L1^4*L2^4.*XI3.^2 ... 
         + 14157*(-56*(10 + 3*e2.^2) + 28*e1.^2.*(-20 + 7*e2.^2) + e1.^4.*(-70 + 57*e2.^2))*L1^2*L2^2.*XI3.^4 ...
         - 61347*(14 + 3*e1.^2).*XI3.^6))./(33554432*a2^6*Eps2.^15*L1^6*L2^6);   
H9 =  (33*a1^7*(sigma0^8 - sigma1^8)*XI3.*(-105*(-1792*(64 + 336*e2.^2 + 280*e2.^4 + 35*e2.^6) ...
        + 3584*e1.^2.*(-288 - 368*e2.^2 + 170*e2.^4 + 57*e2.^6) - 1344*e1.^4.*(1344 - 952*e2.^2 - 412*e2.^4 + 163*e2.^6) ... 
        + 64*e1.^6.*(-11760 + 22344.*e2.^2 - 11410*e2.^4 + 969*e2.^6) + e1.^8.*(-56448 + 152096*e2.^2 - 132560*e2.^4 ... 
        + 36483*e2.^6))*L1^6*L2^6 + 10010*(896*(16 + 20*e2.^2 + 3*e2.^4) - 672*e1.^2.*(-56 + 8*e2.^2 + 9*e2.^4) ... 
        + 48*e1.^4.*(392 - 420*e2.^2 + 67*e2.^4) + e1.^6.*(1568 - 2720*e2.^2 + 1113*e2.^4))*L1^4*L2^4.*XI3.^2 ... 
        - 39039*(-672*(4 + e2.^2) + 160*e1.^2.*(-14 + 5*e2.^2) + 15*e1.^4.*(-16 + 13*e2.^2))*L1^2*L2^2.*XI3.^4 ... 
        + 474045*(16 + 3*e1.^2).*XI3.^6))./(268435456*a2^7*Eps2.^17*L1^7*L2^7);
H10 = (27*a1^8*(sigma0^9 + sigma1^9)*(14*(-295680*e1.^2.*(-128 - 640*e2.^2 - 224*e2.^4 + 280*e2.^6 + 49*e2.^8) ... 
        + 147840*e1.^4.*(1152 + 768*e2.^2 - 1936*e2.^4 + 80*e2.^6 + 157*e2.^8) ... 
        + 10752*(128 + 2304*e2.^2 + 6048*e2.^4 + 3360*e2.^6 + 315*e2.^8) ... 
        - 10560*e1.^6.*(-18816 + 28224.*e2.^2 - 2352*e2.^4 - 8344*e2.^6 + 1509*e2.^8) ... 
        + 330*e1.^8.*(188160 - 526848*e2.^2 + 492352*e2.^4 - 160960*e2.^6 + 7959*e2.^8) ... 
        + 11*e1.^10.*(338688 - 1241856*e2.^2 + 1675968*e2.^4 - 976440*e2.^6 + 202535*e2.^8))*L1^8*L2^8 ... 
        - 20020*(-5376*(32 + 112*e2.^2 + 70*e2.^4 + 7*e2.^6) + 5376*e1.^2.*(-192 - 152*e2.^2 + 100*e2.^4 + 23*e2.^6) ... 
        - 576*e1.^4.*(2352 - 1960*e2.^2 - 406*e2.^4 + 235*e2.^6) ... 
        + 24*e1.^6.*(-18816 + 36064*e2.^2 - 18800*e2.^4 + 1773*e2.^6) + e1.^8.*(-28224 + 75936*e2.^2 - 66030*e2.^4 ... 
        + 18097*e2.^6))*L1^6*L2^6.*XI3.^2 + 260260*(6720*(8 + 8*e2.^2 + e2.^4) - 288*e1.^2.*(-392 + 84*e2.^2 + 53*e2.^4) ... 
        + 30*e1.^4.*(1568 - 1696*e2.^2 + 281*e2.^4) + 5*e1.^6.*(672 - 1164*e2.^2 + 475*e2.^4))*L1^4*L2^4.*XI3.^4 ... 
        - 4424420*(-96*(14 + 3*e2.^2) + 12*e1.^2.*(-80 + 29*e2.^2) + e1.^4.*(-90 + 73*e2.^2))*L1^2*L2^2.*XI3.^6 ... 
        + 51038845*(6 + e1.^2).*XI3.^8))./(8589934592*a2^8*Eps2.^19*L1^8*L2^8);